.Random.seed <-
c(403L, 10L, 128586459L, 897239353L, 1060867208L, 1409743926L, 
749652081L, -1049920861L, 1894113266L, -1281690812L, -759079929L, 
-1975191075L, -853522732L, 328821242L, -337197755L, -491908705L, 
1995125542L, -1311241296L, 2060843091L, -58625167L, -961740128L, 
583398974L, -595460791L, -1189723141L, 1747003338L, 326637868L, 
1913042223L, -1645265947L, 91849372L, -628963598L, -2120296595L, 
184197287L, 180953806L, -452964312L, -548246485L, 1075535433L, 
-951806120L, 1987379718L, -370332703L, 698075507L, -1233786398L, 
788761940L, -577690537L, 592054349L, 960269284L, -724178486L, 
561279029L, -1509167473L, 103989142L, -2093169856L, 42266115L, 
1955656737L, -345377008L, 2069261550L, -1535036263L, 1108255019L, 
566188058L, 1280791260L, 104993503L, 1613450421L, 272804428L, 
528438946L, -1041383939L, 1793939191L, -274644962L, -1047375144L, 
195360315L, -1681701927L, 1907044712L, 333400214L, -984087023L, 
1992540099L, -710048814L, 332889700L, -382169689L, -1914297603L, 
415209204L, 458965466L, 985400613L, -614726593L, -1486998586L, 
-91545520L, -324203405L, -537517935L, -984842048L, -1861195106L, 
845915753L, -1361209701L, -1797653590L, 153903052L, -1321889137L, 
990952133L, -805973380L, -2048000302L, -1115366835L, -689031417L, 
-1519592722L, 1503858632L, -1775759157L, -1146523351L, -1081259656L, 
937238182L, 532334785L, 1342587219L, -1881592318L, 2045671220L, 
-1338411849L, 864855213L, -1831304764L, -2120703510L, 400014933L, 
-1875341329L, -1178681354L, -286754528L, 1993455331L, 905334657L, 
-217212432L, -1154496370L, -1700155399L, 668566923L, -1955241542L, 
-2060312388L, 1873150975L, 1968099669L, -434926996L, -1152262462L, 
-1318352611L, 54288279L, 461937406L, 1604468920L, 758827675L, 
-1296144135L, -100509112L, 540476790L, 1980437681L, -209168157L, 
-615950414L, -1885140988L, -1914086585L, -1273400803L, -1824339820L, 
-1341208518L, 63023749L, 172284767L, 1088369638L, 1843740272L, 
-123965037L, 976893489L, -982864672L, 1734573438L, 1473884169L, 
755572795L, -719278582L, 642121196L, 380301935L, 975322533L, 
990281052L, 956858674L, -148135891L, 1975951079L, -165497842L, 
-1913864728L, 787179499L, -582895479L, -778855400L, -1955923130L, 
861997473L, 1453504563L, 58619298L, -202682220L, -1850902761L, 
-1708982003L, -304191452L, -886446070L, -2031231627L, 76844239L, 
-843915306L, 1972690816L, -954575933L, -211200671L, 37497808L, 
1956170542L, -1212500263L, 1349477611L, -1218173606L, 1887459100L, 
-454847969L, 456241781L, -635994356L, -1864600862L, 975398845L, 
-1926832073L, 1924999902L, 763500056L, 764098939L, 1659646233L, 
-1469620824L, -841449130L, -924220975L, 2017182083L, 837304338L, 
1366733732L, 1180353383L, 949967037L, -1749835724L, -1729088614L, 
2057289701L, 1798114175L, 1370192646L, -1760955248L, 233162035L, 
1074537169L, 485730432L, -1922412194L, -1030592855L, -856731301L, 
1304935274L, 425439756L, 1137103439L, -505512187L, 1889728444L, 
-599838062L, 1994357133L, -1409982009L, -141884754L, -2082501880L, 
-1805731573L, 2122156009L, 1274175672L, -330802912L, 1164623746L, 
-272453912L, 1503871212L, -527485892L, -1763493006L, -324518288L, 
-1130654684L, 1987463992L, -542856038L, 1779897040L, 792559804L, 
734211732L, -257018238L, -1126479680L, -471981252L, -2074813296L, 
-984809950L, 1488965640L, 1264426252L, 1916284060L, -988479982L, 
-560562304L, 2003455508L, -1017402840L, -1953794758L, -918402608L, 
-913230740L, 612313396L, 615356050L, -334656672L, -1473449140L, 
842282976L, 1238210466L, 1298630568L, 1194601868L, 1086490812L, 
2001799538L, 1533121776L, 1347563588L, 1552392536L, 771171898L, 
-1218086032L, -666224580L, -1276748012L, -1560582718L, -372933920L, 
-100100228L, -1863917872L, 944068770L, 1057066024L, 1469310220L, 
1368942524L, 1424976178L, -1430754880L, 1286228532L, -493741112L, 
569325754L, -1861310064L, 1080119788L, 543015508L, 1997598866L, 
2103422752L, -157750836L, -930638368L, -1710164286L, -1015618520L, 
1182118572L, 1586095292L, 1433070066L, 1921954096L, 1399231652L, 
840206008L, -581583526L, -1624345200L, 111104892L, -1104156396L, 
-1387527358L, 484629248L, -260671556L, 937942864L, -1915993310L, 
801168712L, -1077450228L, -962082724L, -1438679854L, 339024384L, 
1816259924L, 1438423528L, 1748274170L, 222806224L, -1798664916L, 
1442161396L, -2131289710L, 1417196640L, 756720908L, 507319008L, 
-763737758L, 382671528L, 1800536652L, -1186041476L, 1119241522L, 
1029501040L, 73631556L, 427752920L, 1552092282L, 673459760L, 
-1901786436L, -810246316L, -78506942L, 1766161824L, -375043396L, 
-1747699248L, 993131874L, 115863528L, -950597684L, 1562857212L, 
843817458L, 69699712L, -740162316L, -865991032L, 92362554L, 426406736L, 
-401742228L, 721044L, 1552519506L, -1403273504L, 512176844L, 
-1334644576L, -887145598L, 165868264L, 1571721964L, -1756849092L, 
-1377660302L, 270496880L, -638400988L, 1106789432L, -1761331174L, 
1870125776L, -1506388932L, -1651628908L, 2068356226L, -1215346752L, 
166385980L, 2001982096L, 393456674L, 112477192L, 523602060L, 
-1329382372L, 863131282L, 681936000L, 1993707540L, -929569496L, 
1563446842L, -817208112L, 1558238316L, 1390621364L, 1008277522L, 
669288416L, -2133413940L, -1418490400L, -766788062L, 1553082664L, 
-1927507700L, -1326750148L, 1774653682L, -1932776720L, -763178172L, 
698735192L, -1777630662L, 2055669488L, -1228337988L, 42929684L, 
1570078914L, 1262100576L, 2024123772L, 1484340432L, -840610782L, 
-678479192L, 1871036300L, 1150720444L, 725976114L, 1106675520L, 
1956305076L, 1339274056L, 856246970L, 1343164176L, -1909737236L, 
-929672108L, -461064430L, -2027670624L, 308387788L, -1249203360L, 
255156418L, 593905192L, -687270484L, 1656737596L, 1276600178L, 
-1033997520L, 976724516L, -584257480L, 400690394L, 2008531344L, 
-7162116L, -1283059820L, 276423490L, -1280976384L, -208395716L, 
-132458928L, 962007714L, -99239096L, -32368116L, 1172548828L, 
-1044172206L, -464205696L, 25246548L, -744549912L, -313431302L, 
-1055140016L, -1232493524L, -1085565580L, -234922350L, 809679456L, 
-170765684L, 468773728L, 27701986L, -339945304L, -1742778742L, 
-235300225L, -1366752311L, -1909546914L, -1765063924L, 1778084573L, 
-724597785L, 148461584L, 2141140270L, 1339754971L, 470077117L, 
-625787862L, 1770142920L, 130079217L, -967207069L, 622710628L, 
-1572362606L, 1753776999L, 615787825L, -50624906L, 1577351060L, 
199230373L, -856247121L, -2090735256L, -938798778L, 1981507827L, 
-178162091L, 1633753650L, 651831296L, -37700375L, -1193919653L, 
2101239212L, 1351009722L, -2127461521L, 2083083513L, -1911043698L, 
2048736348L, -1737847091L, 592587319L, -1447272256L, 1848012702L, 
-450415509L, -634612755L, 1826535002L, -941524712L, 1464321665L, 
-1391829965L, 648931924L, -42082718L, -979930889L, 173286209L, 
-260728378L, 1077175044L, -1437415755L, -1220382305L, -649875976L, 
-1168104490L, -972423581L, -1476919771L, -1614967358L, 1321779888L, 
-1319564583L, 1610181707L, 1433514684L, -2095664918L, 1144941855L, 
-676006487L, -1800301762L, 972500524L, -687612803L, 346285767L, 
-36446288L, 916713934L, 187476731L, -735217315L, -1703720310L, 
-2081163096L, 1939344401L, 502193411L, 294596612L, 761069618L, 
1352280199L, 55944401L, 582483542L, -1808642508L, 213919045L, 
1838409615L, -1772023032L, 343643430L, -1511682605L, 2061453109L, 
103960210L, 758938208L, 1271552969L, 292608763L, -1746180916L, 
1956691290L, 1520357455L, 1425964313L, -1713391826L, -641480388L, 
-1482080595L, 586971479L, -1631520608L, 539526654L, -2081056565L, 
393176781L, 492237306L, -1776334280L, 2139539425L, 1463812243L, 
509485748L, -2083835966L, -450044969L, 498119713L, 775488486L, 
860073700L, -855393771L, 1368715839L, 844712408L, -979812362L, 
-1524660221L, 1751556933L, 216917858L, 1445234896L, -1279347719L, 
-778629333L, -734843748L, -503946550L, 118827967L, 533341961L, 
-472477666L, -1758404148L, 137898909L, 2009474599L, 1148595280L, 
508728558L, 1463194011L, 1868122109L, 1598210794L, -353610360L, 
-387001551L, -955724893L, -1678959708L, 555775570L, -255732313L, 
127078897L, -2014624458L, -364565036L, -1267629211L, 550374255L, 
